MECH3620 Opt Main Wing
0.9962095145679554 -0.08698638964963665
0.9882438374513506 -0.08452941613835127
0.9796704311119581 -0.08197683908594552
0.9706560394493612 -0.07932260398009193
0.9611465685453879 -0.07657634805876819
0.9512586114363473 -0.07372667573437237
0.9409991873767241 -0.07077679072649866
0.9303559301565129 -0.0677346815748674
0.9193136052569215 -0.06461034684152579
0.9079099205869205 -0.061408418920355465
0.8962171103234392 -0.058130760179748976
0.8841744409173612 -0.05479656218620025
0.8718650233417232 -0.051409200094514475
0.8592835129890418 -0.04798394264543589
0.8464057883528184 -0.04454004244400154
0.8332790726838073 -0.04108758009239998
0.8199770880683129 -0.037631927675121774
0.8064167593967406 -0.034201442786617395
0.7926050966934945 -0.03081174460564975
0.7786093334276248 -0.027466459038424203
0.7644682258484784 -0.024171229738930575
0.7499956670004644 -0.020977673105599264
0.7353551933755371 -0.017865103967924744
0.7207952229623009 -0.014785716833625387
0.7058686616097732 -0.01185676514958326
0.6907393455665293 -0.009046614758780385
0.6757844115735188 -0.00626073388981892
0.6606138358414616 -0.0036137510425330315
0.6451780193590503 -0.0011309473213260927
0.6296919794457815 0.0012469461675139858
0.6140881100606058 0.003489205802252041
0.598380807796603 0.005592149290619404
0.5826134708013675 0.00756420858205586
0.5668068702463245 0.009406174487962087
0.5509561472370625 0.0111001233541865
0.5350978815427807 0.01265109634814745
0.5192773299012032 0.014071672036605785
0.5035322513188076 0.015374215351327849
0.4878881506840098 0.016558570865004483
0.47237624867415035 0.01763417815861399
0.45702976886615293 0.018623453704410153
0.4418672652833224 0.01951313032373031
0.4269124955377596 0.020328559588687668
0.4121827518085705 0.02108479428806382
0.397692480401109 0.021781113946587737
0.38345288468006145 0.022428970942918822
0.3694831895302559 0.023014901384778515
0.3557954229600522 0.023544737865884877
0.3423896167978724 0.024034915521917635
0.32927052786919847 0.02449022333826841
0.3164477683338009 0.024908371401077028
0.303914612053376 0.025301384856044138
0.29167621641580604 0.025668030895401515
0.27973664790814223 0.026007601503270115
0.2681076407838007 0.026312655283282204
0.256822503719131 0.026562470712707013
0.24587617674260825 0.026763497392969893
0.23526840693963644 0.02691797364655117
0.22496099715100085 0.027048533799210177
0.21495996546072374 0.027150105113037153
0.20522350652446678 0.027244087535371712
0.19578129534829466 0.027311653301333474
0.18659751652125028 0.0273694917436467
0.17768929585970603 0.027405792255380437
0.16905780527411146 0.02741822044242503
0.16068218403961823 0.027413510475601578
0.1526192911949581 0.027363832518650454
0.14483587485132582 0.02728200859635566
0.1373367763990331 0.027164219862126766
0.13012201040037336 0.027008581103901547
0.12316310447646683 0.026824755977032905
0.11642718039612224 0.026623340509648007
0.10992523465169664 0.02639769312699756
0.1036826959056527 0.026136186892826978
0.0976422314321126 0.025857817941524176
0.09185630540763441 0.025541969406908137
0.08627928561383373 0.025202545855730226
0.08090837538647666 0.024839040053226926
0.07573988198834232 0.02445027701595912
0.07075115326407003 0.024042347481762004
0.06596786909476252 0.023604786240062358
0.061344141804951846 0.02315062962958627
0.05688999342990672 0.02267474988224127
0.0526249987678935 0.02216973429446291
0.04852706630351108 0.021640558995519633
0.04459760616593622 0.021085560783998706
0.04085693475759723 0.0204975968914661
0.03724766646973356 0.019891297621882024
0.03380025624289143 0.01925709184558419
0.030532162262095108 0.018589361549831478
0.02742974628049839 0.01789088255158002
0.02449883635420812 0.017159539233426186
0.02174998570996559 0.01639251399727804
0.019178187089631052 0.01559070398189716
0.016771156468051662 0.014756634437170332
0.014551952048596816 0.013885778285529915
0.012523377610466208 0.012978040199569078
0.010667455256167881 0.012037543114254236
0.00898304804478186 0.011065311410750628
0.007445228378442056 0.010065705374424134
0.005996333604463107 0.009046769249672642
0.004654413621167255 0.00800486113148417
0.003475582495425027 0.00693270129686303
0.002490628789753856 0.00582931913894272
0.0016929651942165073 0.004698752206468812
0.0010457722751561298 0.0035465557434962596
0.0005543775736014945 0.0023761773480388696
0.00020985088503563962 0.0011925725686475939
0.0 0.0
4.854888069884717e-05 -0.0014574200815300814
0.00028483008931529466 -0.0029308153857957073
0.0007393851489994427 -0.004421928532746114
0.001401301456289309 -0.005931023789099061
0.0023772628436675427 -0.007464224160974038
0.0036956670440236403 -0.009023497928744658
0.005273004342599554 -0.01060455648351168
0.0070259706628256246 -0.01220418019413834
0.009000200995113044 -0.01382495781402322
0.011258884454052905 -0.015469554256823158
0.013808006248854377 -0.0171386308150637
0.016626851348210753 -0.018831994672348275
0.0197207271114823 -0.020550532227805635
0.023047281064561397 -0.022294826647835164
0.026620144971062736 -0.02406636007986312
0.03051939410919695 -0.025865592066213257
0.03469979869314229 -0.027694192869667518
0.039140673858133364 -0.029553676528490922
0.0438510255117486 -0.03144573969817628
0.048891885163547505 -0.03336932753674395
0.054245517560642734 -0.03532677613783815
0.05996206855621359 -0.03731596108974178
0.06599852324658124 -0.03934093384388797
0.07231378504132786 -0.041406387688678964
0.07897953838300528 -0.043508500469652815
0.0859886819798376 -0.04564910947736217
0.09338636880907612 -0.04782502877189612
0.10119277881997005 -0.05003401860302932
0.1093553905257836 -0.052283814570297266
0.11797286654391718 -0.054561091014882296
0.12699438116352518 -0.056873007610782456
0.13640519788473943 -0.059223186651093156
0.14630390237975463 -0.06159234309869251
0.1566363360472279 -0.06399016963696814
0.16744574449762523 -0.06640519061761087
0.17870332091522292 -0.0688428491448705
0.19039832216211075 -0.07130454997502923
0.2025851458250213 -0.07377171382979712
0.21527225500995772 -0.07623582833660687
0.22842613733356595 -0.07870517193194332
0.24207404516302056 -0.08116300375920138
0.2562559366550917 -0.08358037106630205
0.27096231757579203 -0.08594713911878682
0.28617821607924687 -0.08825525860829221
0.3019029718395776 -0.09047979248052629
0.31813918078969255 -0.0925797849576555
0.334863337485318 -0.09450658111365441
0.3520096713259323 -0.09624906684766564
0.36950832074592915 -0.09772833699780631
0.38725318766873085 -0.09893157333733214
0.40512142428171977 -0.09981719651256109
0.42304645253134854 -0.10041751598303514
0.4409692084288238 -0.10074563399888856
0.4588287413094763 -0.10080612660368497
0.4766224601885147 -0.10063271220872397
0.494372562547836 -0.10025958869448881
0.5120687031112799 -0.09970139428832205
0.5297228240585616 -0.09897926511330309
0.5473507128210789 -0.09811381266389771
0.5649997305215644 -0.09713610991623536
0.5826608361543979 -0.09605443579970419
0.6005489214735544 -0.094960043920393
0.618482828199721 -0.09379669555287688
0.6361627420852961 -0.09246858334009246
0.6540178811096493 -0.09114416191735347
0.6720334975642069 -0.08983128501347495
0.6901096518693357 -0.08850966002693862
0.7083150415928491 -0.08722020518007394
0.7266205316140242 -0.08597040640394216
0.7449976706083807 -0.08476882432858378
0.7634938825907067 -0.08365538748307343
0.7820872489379622 -0.08264468599739375
0.8008638411932512 -0.08180131579335452
0.8196253644953599 -0.08107068637790822
0.8384404701770397 -0.08051681270048458
0.8572919520527243 -0.08017564901048206
0.8760643556063328 -0.08004147423010959
0.8947538762923061 -0.08018991718442989
0.9132663601958874 -0.08067338379999818
0.9314389871556024 -0.08147633220182965
0.949096811567238 -0.08255563051524145
0.9659546760879226 -0.08369307871128256
0.9817172550791233 -0.08508350769759035
0.9962095145679554 -0.08698638964963665
